3651    760
2970    626
2317    500
1751    389
1271    298
926     230
595     166
307     110
140     78
3374    704
4149    854 



9655    9405    9565    9250    891
8560    8336    8445    8205    815
7600    7420    7525    7576    738
6871    6690    6801    6548    685
6152    6010    6094    5850    628
5325    5194    5271    5057    566
4956    4801    4918    4660    535
4340    4219    4330    4057    489
3756    3646    3738    3498    444
3060    2930    3020    2801    387
2565    2440    2540    2318    350
1820    1741    1815    1621    300
1162    1130    1188    981     250
317     297     348     167     180


